A. (1-36)

01 Aðalsýsla 25, 167.

02 Affríka 450.

03 Agðanes 65, 139, 324, 326, 540, 544,681.

04 Agðir 33, 34, 36, 59, 59, 83, 114, 181,
145, 150, 181, 210, 222, 287, 316,
359, 365, 381, 418, 433, 616.

05 Agnafit 15, 184.

06 Áin helga 343, 344, 346 348.

07 Akrsborg 538.

08 Álaborg 574, 580, 636.

09 Aldeigja 167.

10 Aldeigjuborg = Aldeigja 166, 258,
259, 419, 421, 457.

11 Álfheimar 33, 38.

12 Alkasse 535.

13 Álptafjǫrðr inn syðri 155.

14 Álreksstaðir 66, 90, 109.

15 Angrar 205.

16 Apardjón 584.

17 Apavatn 206.

18 Áróss (við Fýrisá) 263, 379.

19 Áróss (á Jótlandi) 439, 445.

Ásaheimr = Ásaland 4.
Ásaland =— Asiá 4.

20 Ásgarðr 4, 6, 9.

21 Asía 4.

22 Askr 557.

23 Ásmundarvágr 139, 269.

24 Atley 49.

25 Áttundaland 27, 28, 237.

26 Auðsholt 578.

27 Aumorð 542.

28 Austfirðir 155.

29 Austmarr = Eystrasalt 25.

30 Austr-Agðir 82, 221.

31 Austrátt 155, 474, 566.

32 Austrey 317, 335.

33 Austrlǫnd = Austrvegr 75.

34 Austrríki 30, 456.

35 Austrvegar (ↄ: Sverrig) 14, 257.

36 Austrvegar, vegir 22, 24, 56, 61, 64,
75, 83, 99—101, 135, 136, 143, 166,
214, 221, 222, 231, 242, 448.




B. (37-68)

37 Bálagarðzsíða 186.

38 Barvík 345.

39 Bataldr 574.

40 Befja 607.

41 Birkistrǫnd 83.

42 Bjarkey 277, 288, 301, 302, 315, 326,
327, 428, 521, 542, 575.

43 Bjarmaland 61, 102, 311, 312, 326, 328,
519.

44 Bjarnaurar 148.

45 Bjarney 366.

46 Bjǫrgvin 511, 514, 525, 540, 544, 557
—559, 561, 562, 567, 568, 576, 590,
592—594, 598, 604, 605, 610, 616—
618, 621, 626, 628, 631, 632, 636,
637.

47 Bláland it mikla 4.

48 Blǫkumannaland 612.

49 Bókn 363, 365, 418.

50 Bolgaraland 540.

51 Borg 232, 253, 254, 256, 287, 351, 361,
511, 542, 630.

52 Borgarþing 570.

53 Borgund 366.

54 Borgundarhólmr 119, 129.

55 Borró 33.

56 Brattahlíð 170.

57 Bratsáss 562.

58 Bratsberg 592.

59 Breiða 282, 283.

60 Breiðablik 7.

61 Breiðafjǫrðr 128, 249.

62 Bretland 61, 63, 72, 124, 268, 480, 497,
524.

63 Brúnsvík 437.

64 Býjaraland 540.

65 Býnes 139.

66 Byrða 116, 158, 575.

67 Byskupshǫfn 631.

68 Bæjar 281.




D. (69-82)

69 Dalar 36, 37, 44, 208, 233, 234, 236,
282, 299, 306.

70 Dalr mikli 542.

71 Danaríki 499.

72 Danaveldi 30, 39, 110, 111, 128, 169,
307, 341, 342, 358, 359, 432-436,
444-446, 458, 464—467, 477, 499,
515.

73 Danavirki 120, 121, 499.

74 Danmǫrk 2, 6, 14, 17—20, 22, 23, 43,
61, 64, 74, 75, 81-83, 86, 87, 101,
103, 112, 113, 118, 120, 121, 124,
127—129, 131, 135, 167, 168, 171,
172, 183, 186, 201, 219, 221, 230,
265, 307—310, 315, 316, 338— 341,
343, 345, 347, 352, 358—362, 373,
379, 380, 410, 411, 424, 432-436,
439, 442—446, 455, 458—460, 463,
464, 466, 467, 477—483, 490, 492,
493, 498—500, 522, 540, 543, 556—
558, 566, 567, 571—574, 576, 577,
580, 615, 616, 628— 630, 633, 634, 636.

75 Dímon 305, 316, 317.

76 Dofrafjall 44, 52, 475, 518, 519.

77 Dofrar 281.

78 Dragseið 147.

79 Drǫfn 361.

80 Dyflinn 63, 126, 138, 276, 480, 530.

81 Dyflinnarskíri 530.

82 Dýrsá 633.




E. (83-121)

83 Eðni 592.

84 Egg 81, 278, 279, 281, 325, 355, 372,
412, 417, 418, 429, 430.

85 Eið (Askim) 37.

86 Eið (ved Staðr) 48, 131.

87 Eið (ved Eidsvold) 235.

88 Eið = Eiðar 536.

89 Eiðar 254.

90 Eiðaskógr 31, 50, 219, 320, 370, 381.

91 Eiðaskógr 254, 255.

Eikreyjar se Ekreyjar.

92 Eikundasund 316, 359, 361, 362.

93 Einbúi 368.

94 Eistland 24, 25, 61, 63, 108, 143, 241.

95 Ekkjalsbakki 55.

96 Ekreyjar 221, 260.

97 Elda 604.

98 Elfarkvíslar 61, 63.

99 Elfr 30, 63, 148, 219, 220, 223, 243,
287, 316, 339, 425, 434, 467, 468,
483, 485, 492, 493, 526, 527, 573,
598, 616, 626.

100 Ellipaltar 456.

101 Eneá 4.

102 Engilsnes 539.

103 England 2, 30, 66, 67, 70—73, 78, 95,
124, 126, 127, 129, 144, 155, 164,
186, 187, 189, 193—195, 197, 201,
221, 265, 299, 307-310, 316, 325,
328, 338—341, 351, 358, 362, 373,
374, 380, 412, 413, 424, 432, 435,
445, 446, 496—503, 506, 509-511,
534, 585, 629.

104 Englandzhaf 328.

105 Erri 573.

106 Európá 4.

107 Eyi 37.

108 Eyin helga 523.

109 Eyin iðri 45, 76, 81.

110 Eyin mikla 37.

111 Eyjafjǫrðr 128, 303.

Eyjar se Orkneyjar.

112 Eyland 222, 237.

113 Eynafylki 45, 76, 204,

114 Eyrar (við Niðarós) 519, 632, 638.

115 Eyrar (á Íslandi) 303.

116 Eyra(r)sund 22, 74, 123, 171, 347—
350, 361, 492, 546, 573.

117 Eyraþing 423, 518, 581, 620, 626.

118 Eystra-Gautland 28, 237, 258, 259.

119 Eystrasalt 119.

120 Eystridalir 354.

121 Eysýsla 167, 185.




F. (122-154)

122 Falstr 444, 467.

123 Féeyjarsund 84.

124 Fetlafjǫrðr 190.

125 Fífi 309.

126 Finney 381, 403.

127 Finnland 11, 14, 15, 185, 241.

128 Finnmǫrk 61, 219, 321.

129 Firðafylki = Firðir 48, 73, 114, 116.

130 Firðir 47, 48, 56, 61, 101, 113, 170,
181, 284, 569, 594, 618.

131 Fitjar 66, 86, 88, 431.

132 Fjaðrundaland 25, 27, 28, 237.

133 Fjalir 49, 170, 181, 196.

134 Fjón 6, 436, 439, 442, 444, 445, 458,
479, 485.

135 Flandr 498.

136 Flóruvágar 559, 592.

137 Flæmingjaland 124, 221, 500, 503, 629.

138 Fold, -in 35, 49, 100, 197, 212, 219,
359, 361, 594, 627.

139 Forland 520, 617.

140 Forminterra 535, 536.

141 Fors, á Ránríki 556, 595, 607.

142 Foxerni 526.

143 Frakland 121.

144 Frokeyjarsund 366, 418.

145 Frísland 61, 121, 124, 144, 186, 221,
498.

146 Frosta 79, 152, 153, 205, 566.

147 Frostaþing 78, 79, 153.

148 Fræðarberg 84, 86.

149 Fræði 83.

150 Furuvald 195.

151 Fýri 13.

152 Fyrileif 556, 557, 560.

153 Fýrisvellir 13, 16—18, 23.

154 Færeyjar 53, 215, 302, 305, 307, 316,
318, 319, 334, 335, 338.




G. (155-203)

155 Galizuland 534.

156 Gandvík 314.

157 Garðar 167, 373, 415, 421, 424, 427,
447, 456—458, 615.

158 Garðaríki 6, 108, 109, 119, 120, 125,
136, 138, 166, 167, 213, 222, 258,
259, 370, 375—377, 379, 380, 394,
413, 419, 421, 427, 447, 448.

159 Gata (í Færeyjum) 305, 317, 319, 335,
338.

160 Gaul 140.

161 Gaular 37, 49.

162 Gaularáss 207, 217, 321.

163 Gaulardalr 44, 45, 79, 139, 141, 142,
152, 204, 206, 207, 217.

Gauldælafylki = Gaulardalr 45, 204.

164 Gautasker 123.

165 Gautdalr 574.

166 Gautelfr 33, 49, 51, 181, 219, 260, 525.

167 Gautland 19, 26, 61, 52, 59, 74, 123,
220, 228—230, 232, 242, 250, 253,
254, 257—259, 265, 316, 320, 350,
357, 361, 436, 439, 442, 444, 492,
493, 525, 571, 596, 628.

168 Geirstaðir 34, 35.

169 Geirsver 314.

170 Gelmin 205.

171 Gerði 381, 403, 582.

172 Gimsar 132, 158, 173.

173 Gimsey 607.

174 Gizki 322, 418, 520, 525.

175 Gljúfrafjǫrðr 575.

176 Goðey 158—160.

177 Goðeyjastraumr 160.

178 Goðheimar, -r = Svíþjóð im mikla
9, 11.

179 Goðnarfjǫrðr 466.

180 Gotland 14.

181 Gotland 121, 166, 185, 222, 237, 372,
379.

182 Grafdalr 626.

183 Grenland, -landzfylki 100. 528.

184 Grenmarr 49, 208.

185 Grikland 448, 455, 539, 554, 565, 612.

186 Griklandzeyjar 448.

187 Griklandzhaf 448, 537.

188 Griksalt 538.

189 Grímsbœr 72.

190 Grímsey 303, 304.

191 Grislupollar 190.

192 Grjótar 204.

193 Grýtingr 80, 81, 153.

194 Grœningar 368.

195 Grœningasund 594.

196 Grœnland 164, 170, 248, 249, 302.

197 Grœnlandzhaf 249.

198 Guðbrandzdalar 43, 62, 201, 203, 208,
306, 369.

199 Gulaþing 145, 146.

200 Gulaþingslǫg 519.

201 Gullvarta 539.

202 Gunnvaldzborg 190.

203 Gylling 160.


H. (204-302)

204 Haðaland 32, 34, 37, 38, 40, 43, 58,
62, 63, 201, 203, 233, 236, 296, 306,
496, 639.

205 Hafrsfjǫrðr 52, 53.

206 Hakadalr 42.

207 Hákonarhella = Hella 90.

208 Halar 350.

209 Halland 74, 76, 346, 480, 485, 486,
490, 492, 519, 520, 557, 634.

210 Hallkelsvík 132.

211 Hálogaland 23, 61—63, 83, 103, 116,
130, 132, 148, 158, 164, 165, 168,
181, 276, 277, 300, 311, 326, 328,
351, 358, 359, 385, 429, 510, 521,
540, 542, 575, 638.

212 Háls 113, 114.

213 Hamarsfjǫrðr 576.

214 Hangrar 421, 422.

215 Harðangr 98, 102, 112, 592.

216 Harmr 521, 522.

217 Haugar (við Túnsberg) 632.

218 Haugar 68.

219 Haugasund (Haugesund) 68.

220 Haugasund (Högasund) 222.

221 Haugaþing 555.

222 Haugr 279, 429, 430, 447, 515.

223 Haukaðalr 2, 3.

224 Haukbœr 516.

225 Hauksfljót 72.

226 Hedalr 281.

227 Hefringr 519, 521.

228 Hegravík 560.

229 Heiðabýr, -bœr 124, 437, 468, 540.

230 Heiðmǫrk 32, 34, 36-38, 41— 43, 62,
99, 181, 201, 208, 233, 234, 236, 285,
306, 354, 355, 357, 369, 496.

231 Heiðsævisþing 286.

232 Helganes 442, 443, 457, 458.

233 Hella 90.

234 Hellornes 502.

235 Helsingjaland 53, 77, 101, 213, 214,
320, 321, 394, 419, 422, 427, 447.

236 Helsingjaport 509.

237 Herðla 576, 582.

238 Herdalar 185, 186.

239 Hereyjar 131, 334, 366.

240 Hern, Hernar 317.

241 Hernes mikla 566.

242 Hesjutún 521.

243 Hillar 426.

244 Hillarsund 426.

245 Himinbjǫrg 7.

246 Himinfjǫll 26.

247 Himinheiðr 26.

248 Hinn 575.

249 Hísing 219, 222, 265, 562, 584, 598,
600, 625, 627.

250 Hjaltland 53—55, 73, 215, 273, 275,
502.

251 Hjarðarholt 471.

252 Hjartapollr 584.

253 Hjǫrnagli 361.

254 Hjǫrundarfjǫrðr 132.

255 Hjǫrungavágr 132, 137.

256 Hlaðhamrar 164.

257 Hlaðir 46, 65, 76, 78, 80, 81, 101, 142,
148, 159, 206.

258 Hlaupandanes 267.

259 Hleiðr 6, 10, 23, 24, 486.

260 Hlésey 260, 469, 470, 484, 566.

261 Hlíð 551.

262 Hlýrskógsheiðr 437, 438.

263 Hof (Stora Hof) 254.

264 Hof (í Guðbrandsdǫlum) 282.

265 Hólar, Hóll (í Bretagne) 190.

266 Hólmgarðr 108, 109, 222, 256, 258,
370, 419, 421, 450, 456, 457, 542.

267 Hólmr = Borgundarhólmr 120.

268 Hólmr (ved Bergen) 559, 561, 571,
590, 692.

269 Hólmr inn grái 577.

270 Holtar 33.

271 Holtsetaland 121.

272 Hornborusund 573.

273 Hornskógr 467.

274 Hrafnseyrr 510.

275 Hrafnsnes 623, 640.

276 Hringaríki 38, 40—43, 54, 58, 63, 149,
236, 286, 306, 496, 639.

277 Hringisakr 42, 233— 235.

278 Hringmaraheiðr 188, 189.

279 Hringsfjǫrðr 190.

280 Hringstaðir 441.

281 Hringunes 208, 235, 306, 480.

282 Hróiskelda 347, 434, 458.

283 Hrossanes 616.

284 Hrossey 267.

285 Humbra 502, 503.

286 Hundzver 366.

287 Hundþorp 282.

288 Húsabœr (pá Inderøen) 81.

289 Húsabœr (á Skaun) 204.

290 Hústaðir 545.

291 Hvalir 577.

292 Hvarfsnes 626.

293 Hveðn 566.

294 Hverbjǫrg 387.

295 Hvínir 1, 57, 64.

296 Hvítabýr 585.

297 Hvitingsey 218, 316.

298 Hæring 160.

299 Hǫð 131, 132.

300 Hǫfuðey 609.

301 Hǫfund 592, 607.

302 Hǫrðaland 48, 63, 66, 68, 73, 86, 98,
114, 116, 117, 145, 147, 148, 181,
242, 287, 297, 316, 338, 365, 381,
418, 430, 576, 626.



I. (303-308)

303 Íl 523.

304 Írland 63, 72, 73, 75, 124, 126, 127,
138, 250, 266, 268, 269, 275, 430,
468, 480, 523, 530, 532, 547, 548.

305 Ísafjǫrðr 128.

306 Ísland 2, 3, 53, 61, 98, 127, 128, 155,
161, 163, 170, 215, 217, 224, 227,
228, 248—250, 302, 303, 305, 306,
319, 322, 329, 334, 351, 391, 411,
470, 471, 628.

307 Ívist 523.

308 Íviza 537.



J. (309-329)

309 Jaðarr 52, 53, 64, 290, 292, 293, 310,
316, 324, 362, 363, 365, 376, 381,
472, 547, 549.

310 Jákóbsland 534.

311 Jamtaland 53, 77, 101, 169, 213, 214,
221, 320, 321, 330, 333, 383, 394,
419, 423, 427, 447, 540, 541.

312 Jarlsdalr 140.

313 Jarlsey 32.

314 Jarlshellir 140.

315 Járnberaland 382.

316 Jóansvellir 559.

317 Jóm 436.

318 Jómsborg 129, 172, 410, 435, 436.

319 Jórðán 454, 538, 544, 567.

Jork se Jórvik.

320 Jórsalaborg = Jórsalir 454, 537, 538.

321 Jórsalaheimr 190, 454, 533.

322 Jórsalaland 4, 454, 455, 537-539, 542,
583.

323 Jórsalir 376, 428, 454, 567.

324 Jórvík, Jork 72, 502, 503.

325 Jótland 18, 24, 39, 54, 73, 74, 82, 112,
122, 186, 342, 343, 361, 433, 436,
439, 464, 466, 468, 470, 482, 483,
540, 633, 636.

326 Jótlandzhaf 468.

327 Jótlandzsíða 186.

328 Jungufurða 195.

329 Jǫtunheimar 6.




K. (330-353)

330 Kálfskinn 249.

331 Kalmarnir 350, 546.

332 Kantarabyrgi, -borg 189.

333 Karlsár 190.

334 Karmtsund 68, 218, 289, 291, 292.

335 Kastalabryggja 510.

336 Katanes 55, 139, 266—269, 275, 374,
584.

337 Kinnlimasíða 186.

338 Kípr 537, 539.

340 Kirjálaland 241.

341 Kjǫlr 77, 101, 214, 216, 219, 320, 321,
283, 384, 394, 419, 423, 427, 447.

342 Kliflǫnd 502.

343 Konungahella 149, 250, 264, 316, 493,
511, 527, 542, 553, 558, 561, 562,
566, 573, 596, 605—607, 616, 625,
627.

344 Konungasund 184.

345 Krókaskógr 572, 637.

346 Kumraland 124.

347 Kunnaktir 525, 530.

348 Kúrland 241.

349 Kvalðinsey 525, 528.

350 Kvilðir 576.

352 Kviststaðir 399, 401, 430.

353 Kǫrmt 66, 82, 150, 292, 295.




L. (354-388)

354 Laktjarnir 539.

355 Land 37.

356 Langatún 585.

357 Langey 300, 312, 315.

358 Leikberg 584.

359 Leira 191.

360 Lengjuvík 315, 326.

361 Lesjar 281, 282, 284, 367, 369.

362 Líðandisnes 114, 147, 181, 213, 242,
249, 287, 288, 593, 633.

363 Liðsstaðir 284.

364 Limafjǫrðr 18, 22, 113, 122, 131, 341,
342, 359, 360, 439, 482.

365 Limagarðzsíða 574.

366 Línustaðir 578.

367 Listi 361, 574, 626.

368 Lizibón 535.

369 Ljárdalr 281.

370 Ljóðhús (Lewis) 523.

371 Ljoxa, Lyxa 81, 153.

372 Lóar 281, 282, 284.

373 Lófufjǫrðr 485.

374 Lófund 24.

375 Lóndir 42.

376 Lorodalr, Ljárðalr 281.

377 Lundar 139.

378 Lundr 351, 441, 444, 546.

379 Lundúnaborg 194.

380 Lundúnabryggjur 188, 482, (í enkelt-
tal).

381 Lundún 67, 187, 188, 194, 373, 482,
497.

382 Lúsbreið 483.

383 Lygra 317, 319.

384 Lyngar 438.

Lyxa se Ljoxa.

385 Læraðalr 127.

386 Lǫgberg 303, 304.

387 Lǫgr 282.

388 Lǫgr, -inn 6, 18, 184, 230, 263, 379.




M. (389-411)

389 Manheimar 9.

390 Manork 537.

391 Markir 237, 254, 625, 635, 636, 641.

392 Mársey 122.

393 Masarvík 205.

394 Meðaldalr 99, 204.

395 Meðalhús 79, 81, 139, 140, 153.

396 Miðgarðr 469.

397 Miklagarðr 448, 450, 454—457, 533,
537, 539, 540, 583, 611, 613, 634.

398 Mjǫrs 37, 213.

399 Mostr 66, 139, 594.

400 Mosbrekka 367.

401 Múlaþing 242.

402 Munt 425.

403 Mynni 571.

404 Myrkvafjǫrðr 27.

405 Mœrafylki 46.

406 Mærin 81, 152, 153, 278-280.

407 Mœrin 367.

408 Mœrr 46, 48, 55, 58—60, 65, 81, 83,
97, 101, 102, 116—118, 130-132, 140,
181, 217, 287, 302, 322, 334, 371,
399, 418, 475, 547, 571, 575, 598,
618, 626.

409 Mǫðruvellir 161, 249, 303.

410 Mǫn (Man) 55, 124, 523, 524.

411 Mǫn (Mön) 573.



N. (412-446)

412 Naumdœlafylki = Naumudalr 45, 46,
277.

413 Naumudalr 45, 116, 130, 181, 276.

414 Naustdalr 48.

415 Nes = Katanes 60.

416 Nes = Býnes 205.

417 Nes (pá Lom) 281.

418 Nesjar 208, 209, 221.

419 Nið 152, 155, 206, 208, 339, 361, 484,
500, 518, 570.

420 Niðarbakki 154.

421 Níðarhólmr 142, 161, 324.

422 Niðarnes 2.

423 Niðaróss 152, 154, 156, 157, 160, 161,
168, 170, 205—208, 213, 214, 217,
276, 278, 280, 299, 311, 320, 330,
334, 359, 373, 409, 410, 428, 437,
462, 465, 483, 500, 501, 511, 513,
514, 516—518, 525, 540, 541, 545,
551, 566, 587, 638, 639.

424 Nitja 286.

425 Niz 485, 486, 490, 491.

426 Njarðarlaug 170.

427 Njarðey 24.

428 Nóatún 7, 9.

429 Norðdalr 525.

430 Norð-Hǫrðaland 90, 569.

431 Norðimbraland 71—73, 124, 194, 195,
506.

432 Norðmanndí 56, 191, 194, 496, 497,
509.

433 Norð-Mœrr 47, 63, 96, 114, 148, 155,
570.

434 Norðnes 540, 560, 561, 567, 636.

435 Norð-Agðir 82, 213.

436 Norðreyjar (í Færeyjum) 335, 336.

437 Norðreyjar (í Suðreyjum) 523.

438 Norðrlǫnd 1, 7, 193, 229, 230, 261,
308, 309, 438, 455, 461, 470, 499.

439 Nóregr 2, 23, 35, 39, 40, 43, 44, 53,
54, 56, 58—60, 66—70, 72, 73, 75—
78, 82, 83, 86, 90, 93, 95, 103, 107—
109, 111—118, 120, 122, 123, 127,
129—131, 136—139, 143, 144, 147,
149, 155, 160, 163—166, 168, 169,
174, 178, 180, 181, 191—193, 195,
197, 198, 201—203, 208, 209, 213,
214, 216—219, 222, 223, 228—231,
235, 236, 239—242, 249, 251, 252,
255, 257—259, 264—266, 268—270,
272, 275, 277, 281, 297, 303, 305,
307—310, 316, 319, 320, 829, 330,
337—340, 342, 346, 349-352, 358 —
362, 364, 365, 369—371, 373—378,
380—382, 384, 394, 395, 410-413,
416—418, 420-422, 424-428, 433—
436, 442, 445, 446, 455, 458—468,
470, 472, 478, 479, 484, 485, 489,
490, 492, 493, 499-501, 510-514,
517, 518, 523—526, 530, 532—534,
540, 541, 545—548, 553—555, 561,
566, 567, 571—573, 677, 579, 581,
583, 585—587, 590, 596, 601, 607,
609, 611, 614, 615, 628, 630, 632—
634, 637.

440 Nóregsveldi 181, 242, 460, 465, 621.

441 Nunnusetr (ved Bergen) 560.

442 Nunnusetr (í Oslo) 609.

443 Nýjamóða 189.

444 Nyrfi 366.

445 Næríki 27, 28, 30, 31, 370.

446 Nǫrvasund 4, 190, 529, 535, 582.




O. (447-461)

447 Óðinsey 6.

448 Oddasund 18.

449 Ofsi 35.

450 Óláfsbúðir 382.

451 Óláfshellir 368.

452 Óláfshlið 415.

453 Oprostaðir 105, 106, 170.

454 Orðost 222.

455 Orkadalr 44, 140, 169, 192, 204, 205,
207, 208, 321, 475, 639.

456 Orkdœlafylki 44, 204.

457 Orkneyjar 53—55, 58—61, 63, 71—73,
75, 115, 139, 215, 250, 265, 267—
269, 271—275, 278, 281, 302, 478,
502, 510, 522, 530, 532, 533, 567,
582.

458 Ósló 482, 490, 492, 511, 548, 554, 555,
572, 573, 580, 592, 606-608, 635.

459 Oslóarfjǫrðr 361.

460 Ostrarfjǫrðr 298.

461 Ótta 281.



P. (462-470)

462 Pannónia 540.

 Peita = Peituland 191.

463 Peituland 191.

464 Péttlandzfjorðr 139, 374.

465 Pézinavellir 612.

466 Pílavík 585.

467 Portyrja 574.

468 Púll 537.




R. (469-499)

469 Randaberg 634.

470 Randaróss 633.

471 Ránríki 51, 63, 71, 181, 219, 516.

472 Rastarkálfr 84.

473 Rásvǫllr 471.

474 Raumaríki 31, 32, 34, 36, 41, 43, 49,
51, 62, 118, 130, 181, 201, 208, 232
—236, 286, 492, 495, 573, 609.

475 Raumelfr 33, 43, 213, 220.

476 Raumsdalr 46—48, 63, 97, 101, 1l4,
116, 130, 181, 281, 334, 520, 618,
620.

477 Raumsdalsmynni 571.

478 Ré (= Rúgen) 438, 439.

479 Ré 622, 623, 639.

480 Reiðgotaland 14.

481 Rein 511, 570.

482 Reinslétta 65.

483 Reykjahólar 575.

484 Reykjanes 128.

485 Reyr 596, 600, 601, 604, 616.

486 Rimul 140, 141.

487 Rinansey 60, 265.

488 Rogaland 52, 64, 68, 73, 98, 114, 116,
183, 145, 148, 150, 181, 192, 208,
287, 290, 365, 381, 418.

489 Rúða 194, 195, 340, 496, 497.

490 Rúðuborg 340.

491 Rúm 425, 426.

492 Rúmaborg 299, 529, 537, 540, 586
587, 628.

493 Rúmavegr 388.

494 Ryðjǫkull 635.

495 Rygjarbit 359, 615, 630.

496 Rykinsvík 40.

497 Ræningr 30.

498 Rǫgnvaldzey 139, 266.

499 Rǫnd 40, 588.




S. (500-654)

500 Sálpti 158, 159.

501 Saltíri 523, 534.

502 Saltíriseið 524.

503 Saltnes 639.

504 Saltvík 169.

505 Sandbrú 591.

506 Sandey 523.

507 Sandr 575.

508 Sandver 311.

509 Sandvík 267, 270.

510 Santíri = Saltíri 523.

511 Sarpr 220, 558.

512 Sarpsborg 257, 310, 311, 315, 351,
542, 558.

Sátiri se Saltíri.

513 Sauðungssund 196, 197.

514 Saurbýr 606.

515 Saurhlið 410.

516 Saurshaugr 76.

517 Saxland 6, 22, 30, 61, 64, 120, 121,
123, 124, 144, 221, 432, 437.

518 Sefsurð 367, 368.

519 Sekkr 619.

520 Selárdalr 438,

521 Seleyjar 593. 

522 Seljuhverfi 521.

523 Seljupollar 190.

524 Selund 6, 10, 20, 22, 74, 458.

525 Serkland 4, 450, 454, 536, 544.

526 Síða 155.

527 Signa 191.

528 Sigtún 6, 24, 184, 421, 422, 457.

529 Sikiley 450, 454, 456, 529, 537.

530 Sikileyjarveldi 537.

531 Sil 282.

532 Síli 29.

533 Silund 339.

534 Silvellir 283.

535 Sinhólmssund 544.

536 Sintré 535.

537 Sjáland 76, 128, 339, 347, 436, 439,
441, 442, 458, 468, 489, 490, 557.

538 Sjáland (Roslagen) 237.

539 Sjáviðarsund 456.

540 Skáney 73, 121, 343, 436, 439, 443,
444, 458.

541 Skáneyjarsíða 123, 444, 463.

542 Skáni 29, 30, 121, 129, 339, 343, 346,
347, 350, 442—444, 464, 466.

543 Skarar 228, 259.

544 Skarðaborg 502.

545 Skarnsund 205.

546 Skarpa 626.

547 Skarpasker 585.

548 Skaun (í Indherred) 45.

549 Skaun 106, 107.

550 Skaun (i Trondhjem) 204, 216.

551 Skeggjahaugr 155.

552 Skerðingssteðja 140, 153.

553 Skereið 32.

554 Skið 523.

555 Skipakrókr 154.

556 Skiptisandr 588.

557 Skíringssalr 32.

558 Skjótansvað 14.

559 Skógr 621.

560 Skot 366.

561 Skotborgará 437.

562 Skotland 55, 61, 63, 71—73, 75, 124,
265, 266, 268, 275, 309, 430, 502,
523, 524, 530, 567, 581, 584.

563 Skotlandzfirðir 523, 525.

564 Skrattasker 150.

565 Skúlagarðr 518.

566 Skúrbágar 563, 564.

567 Skúta 12.

568 Skǫrpusker 585.

569 Slé 122.

570 Slésvík 540.

571 Smalsarhorn 163.

572 Smálǫnd (í Danmark) 485.

573 Smálǫnd 351, 546.

574 Snǫs 639, 640.

575 Sogn 37, 48, 63, 73, 114, 116, 117, 127,
181, 196, 298, 430, 441, 530, 569,
594.

576 Sognsær 147, 287, 288.

577 Sóknarsund 418.

578 Sólbjargir 563, 566.

579 Sóleyjar 31, 286, 362.

580 Sóli 145, 290, 316, 365, 472, 574.

581 Sólskel 46, 47.

582 Sólundir 127, 500.

583 Sótanes 81, 100.

584 Sótasker 183, 184.

585 Spánn 534, 535, 582.

586 Sparabú 77, 320,

587 Sparbyggvafylki 45, 76.

588 Staðr 48, 62, 82—84, 101, 102, 115
—117, 131, 132, 147, 148, 195, 287,
338, 359, 361, 366, 570.

589 Staðr (í Staðsbygden) 65.

590 Stafabrekka 281.

591 Stafamýrar 385.

592 Stafanesvágr 49.

593 Stafangr 433, (byen) 561.

594 Stafr 81, 385, 409.

595 Stanforða-bryggjur 503.

596 Stangir 636.

597 Staurr, -inn 166.

598 Steig 306, 461.

600 Steig (på Helgeland) 638.

601 Steinavágr 366, 619.

602 Steinbjǫrg 519.

603 Steinker 205, 206.

604 Steinn 11.

605 Steinn (í Estland) 24.

606 Steinn (på Ringerike) 41.

607 Steinn (på Bynæsset) 217.

608 Stíflusund 34.

609 Stiklarstaðir 390, 391, 393, 399, 400,
403, 406, 409—411, 413, 419, 425,
429, 430, 447, 512, 611.

610 Stimr 361, 545.

611 Stjóradalr 45, 96, 206, 216.

612 Stjórnvelta 598.

613 Stoðreimr 582.

614 Stokksund 15, 184.

615 Storð 86, 88, 91.

616 Straumeyjarnes 17, 18.

617 Straumey 335.

618 Strind 152, 217.

619 Strindafylki 45, 204.

620 Stuðla 169, 582, 592.

621 Súðaþorp 464.

622 Suðreyjar 53, 55, 56, 72, 124, 139, 275,
430, 522—525, 530, 547, 582, 609.

623 Suðrlǫnd, 55, 266, 267 jfr. Sunnlǫnd.

624 Suðrmannaland 27, 237.

625 Suðrvík 186.

626 Súðvirki 187, 188.

627 Súla 384, 405, 429.

628 Sult 367, 372.

629 Sunndalr 525.

630 Sunn-Hǫrðaland 287, 423, 582.

631 Sunnlǫnd 450.

632 Sunn-Mœrr 47, 48, 83, 97, 114— 116, 334,
520, 525.

633 Súrnadalr 322.

634 Sváta 540.

635 Svartahaf 4, 456.

636 Svíaríki = Svíaveldi 24.

637 Svíasker 183, 229.

638 Svíaveldi 24, 26, 29, 30, 43, 107, 143,
149, 167, 171, 183, 226, 230, 237,
238, 258, 310, 369, 379, 382, 386,
442, 466, 491, 546, 637, 641.

639 Svíaþing 25.

640 Svimraróss 546.

641 Svínasund 49, 63, 181, 219.

642 Svíþjóð in mikla 4, 6, 9, 11.

643 Svíþjóð 8—12, 16—27, 29—31, 59,
77, 100, 101, 106, 107, 135—137, 148,
166, 171, 172, 183, 184, 213, 214,
222, 237, 238, 240, 241, 256, 258,
259, 264, 286, 310, 351, 370, 879,
380—382, 394, 419, 421, 422, 424,
427, 436, 447, 457, 458, 516, 525,
527, 610, 6ll.

644 Svolð 172, 173, 176.

645 Sygnafylki 37, 49.

646 Syllingar 124—126.

647 Sýrland 538.

648 Sýsla 25.

649 Sæheimr (ved Tønsberg) 64.

650 Sæheimr 66, 90.

651 Sæheimruð 588.

652 Sæla — Selja 195.

653 Sætt 538.

654 Sǫlvi 65.




T. (655-668)

655 Tanais 4.

656 Tanakvísl = Vanakvísl 4.

657 Taurr, -inn 15.

658 Temps 187, 188.

659 Tíundaland 19, 25, 169, 237, 238.

660 Tjaldasund 575.

661 Toðarfjǫrðr 367, 371.

662 Tryggvahrør 100.

663 Tumaþorp 546.

664 Tungur 363.

665 Túnsberg 49, 51, 59, 64, 69, 100, 114,
149, 208, 219, 245, 246, 248, 265,
287, 288, 306, 308, 357, 359, 361,
362, 511, 555, 658, 572, 581, 616,
617, 621, 622, 624, 628, 630, 632,
639, 641.

666 Túskaland 191.

667 Tyrkland 6, 11.

668 Tyrvist 523.




U. (669-686)

669 Ulastir 530.

670 Úlfasund 83, 196, 431.

671 Úlfkelsland 188.

672 Úlfreksfjǫrðr 250, 268.

673 Ullarakr 238, 239, 263.

674 Unarheimr 631.

675 Ungararíki 540.

676 Upðalr 204.

677 Updalsskógr 46, 204.

678 Uphaugr 132, 152.

679 Uplǫnd 37, 42, 44, 52, 54, 56, 57, 63,
69—71, 99, 100, 106, 130, 132, 135,
137, 143, 201, 203, 232, 244, 278,
281, 286, 299, 306, 311, 353, 354,
357, 381, 386, 395, 413, 462, 471,
472, 475, 491—493, 518, 520, 543,
545, 556, 571, 587, 590, 620, 621,
626, 634-636, 639.

680 Upsalaveldi 30.

681 Upsalaþing 240, 251, 261, 262.

682 Upsalir 1, 7, 9, 11—13, 18—21, 23—
27, 29, 31, 43, 101, 230, 237, 238,
259.

683 Upsalr 27.

684 Urgurǫst 282.

685 Úsa 502.

686 Útsteinn 53, 66, 364, 366.






V. (687-792)

687 Vaðla 33.

688 Vága-floti 301.

689 Vágar (Vågan) 148, 326, 540, 575.

690 Vágar 281, 282, 284.

691 Vágastefna 301.

692 Vagnvíkastrǫnd 521.

693 Vágsbotn 560.

694 Valdres 43, 201, 298.

695 Valhǫll 8, 90, 91.

696 Valland 56, 61, 124, 187, 191, 194,
195, 340, 351, 482, 497, 629, 534,
582.

697 Vaildalr 367, 371.

698 Valsnes 575.

699 Vambarhólmr 521.

700 Vanaheimr = Vanaland 4, 5, 11.

701 Vanakvísl 4.

702 Vanaland 4.

703 Vangr 297.

704 Vápnafjǫrðr 128.

705 Vápnavað 14.

706 Varðynjar 525.

707 Varna 32.

708 Varnes 81, 153.

709 Varrandi 191.

710 Vatsbú 370.

711 Vatsdalr 372.

712 Véar 525.

713 Vébjargaþing 433, 465.

714 Veðrey 351.

715 Véey 618, 619.

716 Veggir 100.

717 Vegsund 366.

718 Veig 181.

719 Vendill 22, 83.

720 Vendilskagi 468, 469, 616.

721 Veradalr 45, 81, 216, 279, 390, 394,
404, 409, 429.

722 Verdœlafylki 384.

723 Vermaland 31, 32, 34, 49—52, 237,
260, 370, 381, 492, 525.

724 Vestfjǫrðr 328.

725 Vestfold 32—36, 41, 42, 49, 62, 64,68,
71, 93, 114, 135, 197.

726 Vestland 439.

727 Vestmannaland 237.

728 Vestmarar, -marr 33, 35.

729 Vestra-Gautland 19, 28, 29, 49, 237,
251, 252, 259, 310, 315, 348, 351.

730 Vestrlǫnd 138, 480.

731 Vettaland 221, 606.

732 Vigg (ved Gulosen) 139.

733 Vigg -jar 205, 390, 391, 430, 520.

734 Vík, -in 48, 49, 54, 56, 59, 61, 64,
68—71, 74—76, 81, 95, 100, 101, 106,
113—115, 143-145, 148—150, 164,
181, 197, 208, 209, 213, 219—221,
223, 224, 242, 244, 245, 253, 287,
306, 310, 316, 320, 351, 357, 361—
363, 411, 418, 465, 482, 484, 491,
493, 499, 518, 519, 525, 527, 556—
559, 566, 570, 572, 574, 576, 577,
583, 590, 592—594, 596-598, 604—
606, 615—617, 621, 622, 625-628,
630, 632—637, 639.

735 Vík (Saxvík) 527.

736 Víkar 575.

737 Vikarskeið 128.

738 Viljálmsbœr 190.

739 Vína, Vínu-bakki 102, 312.

740 Vincestr 424, 432.

741 Vindill 32.

742 Vindland 119, 121, 123, 124, 129, 166,
168, 171, 172, 180, 251, 410, 435,
436, 551, 566.

743 Vingulmǫrk 33, 34, 36-38, 43, 49, 51,
62, 71, 114, 118, 232.

744 Vínland it góða 170.

Vínubakki se Vína.

745 Viskardalr 519.

746 Vist 574.

747 Vizkar 106.

748 Vúlgaría 376.

789 Vænir, Væni 23, 30, 31, 52, 493, 525,
526.

790 Vǫllr 457.

791 Vǫrs 102, 225, 297.

792 Vǫrvi 14.





Y. (793)

893 Yrjar 45, 102, 132, 152, 155, 474.




Þ.(794-)

794 Þeksdalr 521.

795 Þelamǫrk 52, 62, 169, 592, 637, 641.

796 Þinganes 117.

797 Þingvǫllr 302.

798 Þjóða 468.

799 Þjótandi 366.

800 Þjótta 148, 156—158, 276, 281, 328,
350, 351, 358, 359, 380, 396, 398,
403, 428.

801 Þoptyn 56.

802 Þórsá 584.

803 Þórsbjǫrg 65.

804 Þórshǫfn 335.

805 Þótn 32, 34, 37, 43, 63, 201, 286, 292,
306, 639.

806 Þrándarnes 288, 301.

807 Þrándheimr 45—49, 52, 63, 65, 68, 70,
71, 73, 76—79, 81, 93—98, 101—103,
110, 114—116, 123, 130, 136, 143,
151—154, 156, 157, 160, 170, 181,
204—208, 213—215, 217, 221, 265,
276, 278—281, 287, 299, 302, 315,
320, 324, 326, 334, 357—359, 365,
366, 371—373, 380, 384, 386, 394,
395, 411—413, 415, 417, 423, 425,
428, 432, 462, 471—414, 476, 483,
491, 501, 518, 520—522, 527, 551,
559, 570, 578, 581, 582, 586, 589,
592, 598, 597, 605, 616, 617, 626,
631, 637, 639.

808 Þrándheimsmynni 575, 576.

809 Þrúðvangr 7.

810 Þrælaborg 609, 610.

811 Þumli 485.

812 Þursasker 276.



Æ.(813-814)

813 Ægisfjǫrðr 575.

814 Ærvík 132.

 

Ǫ. (815-)

815 Ǫgló 96, 97.

816 Ǫgvaldznes 66, 81, 82, 150, 151, 289,
291, 292, 294—297.

817 Ǫlfus 128.

818 Ǫlvishaugr 81.

819 Ǫmð 23, 159, 288.

820 Ǫngull 638.

821 Ǫngulsey 524.

822 Ǫngulseyjarsund 480, 524.

823 Ǫngulssund 524.